22
0.147970	0.150170	0.150950	0.213580	0.215160	0.215530	0.216800	0.220730	0.222120	0.223390	0.223620	0.225090	0.295340	0.301870	0.304310	0.308150	0.311990	0.312190	0.312970	0.314410	0.318870	0.319250	
0001100000001000001000
0001100000001000001100
000100000000000?000000
010111100000100?001100
0001000000000000000000
0111011001100000000000
000100000000000?000?00
010111100000100?001?00
0001000000001000000000
0101111000001000001100
0001000000000000000000
0101111000001000001100
0001011000000000000000
0101011000010000001000
0001000000000000000000
0101111000001000001000
0001100000001000001000
0001100000001000001000
0101011000000000000000
0101011000000000000000
0001100000001000001000
0001100000001000001000
0001000000000000000000
0011100001101000001000
0101011000000000000000
0101011000000000000000
0001000000000000000000
0101111000001000001100
0001000000000000000000
1111011001100000000000
0101011000000000????00
0101011000000000????00
0000000000000000000000
0001100000001111001000
0000000000000000000000
0111011010000000110010
0000000000000000000000
0001000001100110000000
0000000000000000000000
0001100110001000111000
0000000000000000000000
1011000001100001000001
0000000000000000000000
0000000110000110110000
0000000000000000000001
0000000010000000000001
0011000001100000000000
1011000001100001000000
??????????????????????
??????????????????????
??????????????????????
??????????????????????
0001000000000000000000
1111011001100000000000
0001000000000000001000
0001100000001000001000
0000000000000000000000
0001100000001110001000
0001100000001000001000
0001100000001000001000
0001100000000000001000
0001111000001000001000
0001000000000000000000
1011000001100000001000
0011000001100000000000
1011000001100001000000
