42
0.176460	0.176470	0.178610	0.179200	0.183260	0.184560	0.185240	0.185390	0.186090	0.186910	0.187030	0.190150	0.273350	0.273500	0.275680	0.275790	0.277190	0.279270	0.280250	0.280320	0.282600	0.283560	0.284090	0.284510	0.353550	0.354020	0.354330	0.355120	0.355450	0.355480	0.355520	0.355770	0.355900	0.356160	0.356820	0.357300	0.357960	0.359420	0.359430	0.359590	0.361480	0.366140	
000110000000000100000000011000000010000000
000110000000000100000001011000000010000000
000110000000000100000000011000000010000000
000110000000000100000000011000000010000000
000000000000000100000000011000100010000000
000110000000000100000000011001100010000000
000000000000000100000000000000000000000000
000100000000000100000000111100001010011011
000000000000000100000000000000000000000000
000000000000000100000001111100101010011011
000110000000000100000000011000000010000000
000110000000000100000000011000000010000000
000110000000000100000000011000000010000000
000110000000000100000001011000100010000000
000000000000000100000000011000000010000000
000000000000000100000000011001100110000000
000000000000000100000000000000000000000000
000100000000000100000000111100001010011011
000000000000000100000000011000000010000000
000110000000000100000000011000100010000000
000000000000000100000000000000000000000000
000000000000000100000000111101101010011011
000000000000000100000000011000000110000000
000110000000000110000000011000000110000000
000110000000000100000000011000000010000000
001110000000000110000000011000000110000000
000000000000000100000000011000000010000000
000110000000000100000000011000000110000000
000000000000000100000000011000000010000000
000110000000000100000000011000100010100000
000110000000000100000000011000000010000000
000110000000000100000000011000100010000000
000000000000000100000000011000000010000000
000000000001000111001100011000000010000100
000000000000000100000000011000000010000000
000110010000100110000000011000000110000000
000000010000000000000000011000000010000000
000000010000110100000001011000000110000000
000000000000000100000000011000000010000000
000000000100000100100000011000100111000000
??0000000000000100000000011000000110000000
??0110000000000110100000011000000110000000
000000000000000000000000011000000010000000
000110000000010100100001011000000110000000
000000000000000100000000000000000000000000
110000100010100101010100011100001010011111
000000000000000000000000011000000010000000
000001001000010100000001011010100010000100
??????????????????????????????????????????
??????????????????????????????????????????
??????????????????????????????????????????
??????????????????????????????????????????
000000000000000100000000001000000000000000
000000000010101100010000011000000110000010
00000000000000010000000?011000000010000000
00011000000010011000001?011010100110000100
000000000000000000000000011000000010000100
000001000000010100000001011010100010000100
000000000000000000000000001000000000000000
000001000010110100010001011000010010000011
000000000000000100000000000000000000000000
000000000010100101010100011100001010011011
000000000000000100000000011000000100000000
000000010000100100000001011000010100000000
000000000000000100000000011000000010000000
000110000000000101000100011000000110000100
